           3
 2.6189219655262244E-04
 0.0000000000000000E+00  0.0000000000000000E+00  0.0000000000000000E+00
 0.0000000000000000E+00  0.0000000000000000E+00  0.0000000000000000E+00
 5.9170211089870568E-07  2.0607347433935237E-02
 1.7358692686867969E-01 -4.2553098809749784E-03  2.2469876936129596E-01
-2.0080348492146644E-02  1.1264082539892870E-03  1.6457214232925170E-02
 7.4163690577787997E-07  3.4793787333313515E-02
-2.7863231455222887E-01  3.7755594809190255E-03  2.0451690307444079E-01
-1.5455265045262926E-02 -1.0246835832236922E-04 -2.3503295524350914E-02
