           3
 8.8500000000000001E-01
 0.0000000000000000E+00  0.0000000000000000E+00  0.0000000000000000E+00
 0.0000000000000000E+00  0.0000000000000000E+00  0.0000000000000000E+00
 1.9995111539726058E-03  2.0607347433935237E-02  6.5699872502681528E-04
-5.1038142920574570E-02 -3.4131856227993420E-03 -1.6144957043410013E-01
 2.4873302447666417E+00 -1.2888910021843746E-02 -6.0966768771391111E-01
 2.5061787645953883E-03  3.4793787333313522E-02  7.0837071459344772E-04
 3.6999236943681652E-02  6.0350091738935619E-04  3.6361005282824299E-01
-1.5235604096183544E+00  5.2389459661136430E-02  1.8892892843978049E-01
