           3
 2.6189219655262244E-04
 0.0000000000000000E+00  0.0000000000000000E+00  0.0000000000000000E+00
 0.0000000000000000E+00  0.0000000000000000E+00  0.0000000000000000E+00
 5.9170211089870568E-07  2.0607347433935237E-02  6.5699872502681528E-04
-5.1038142920574570E-02 -3.4131856227993420E-03 -1.6144957043410013E-01
 4.2788109097936088E-02 -2.2172049301795557E-04 -1.0487761964972472E-02
 7.4163690577787997E-07  3.4793787333313515E-02  7.0837071459344772E-04
 3.6999236943681652E-02  6.0350091738935619E-04  3.6361005282824299E-01
-2.6208931910512104E-02  9.0122568978488640E-04  3.2500355024613573E-03
